PINN Parameters:
N_f                : 230
N_0                : 200
N_b                : 200
is_adaptive        : True
num_epochs         : 30000
adaptive_interval  : 200
adaptive_error_tol : True
error_tol          : 0.06947088241577148
add_point_p        : 0.5
remove_point_p     : 0.3
point_std          : 0.2
N_f_0              : 500
train_time         : 1004.23 seconds
l2_error           : 0.6755961179733276
