PINN Parameters:
N_f                : 15956
N_0                : 200
N_b                : 200
is_adaptive        : True
num_epochs         : 10000
adaptive_interval  : 200
adaptive_error_tol : True
error_tol          : 0.01309434324502945
add_point_p        : 0.4
remove_point_p     : 0.2
point_std          : 0.15
N_f_0              : 5000
train_time         : 161.01 seconds
l2_error           : 0.18720300495624542
