================================================================================
PINN TRAINING HISTORY
================================================================================

CONFIGURATION:
----------------------------------------
Total epochs: 5000
Learning rate: 0.001
Viscosity (nu): 0.003183098861837907
Domain: x in [-1.0, 1.0], t in [0.0, 1.0]
Collocation points: 1000
Initial condition points: 50
Boundary condition points: 50
Final loss weights: {'r': np.float64(1.3921015757059065), 'bc': np.float64(1.0), 'ic': np.float64(3.904952256913536)}

LOSS HISTORY (every 100 epochs):
----------------------------------------
 Epoch      Total Loss        PDE Loss         IC Loss         BC Loss Weights (r,ic,bc)
--------------------------------------------------------------------------------
   100    2.155949e-01    3.456098e-02    1.383219e-01    5.551923e-03 (2.08, 1.00, 1.00)
   200    1.991613e-01    2.781440e-02    1.330622e-01    5.849781e-03 (2.17, 1.00, 1.00)
   300    1.826968e-01    2.175191e-02    1.244320e-01    9.269088e-03 (2.25, 1.00, 1.00)
   400    1.708471e-01    2.089363e-02    1.153148e-01    6.246337e-03 (2.36, 1.00, 1.00)
   500    1.619331e-01    1.911567e-02    1.100521e-01    5.251765e-03 (2.44, 1.00, 1.00)
   600    1.549639e-01    1.497846e-02    1.117512e-01    5.027054e-03 (2.55, 1.00, 1.00)
   700    1.416744e-01    1.464794e-02    1.030659e-01    2.083661e-03 (2.49, 1.00, 1.00)
   800    1.361726e-01    1.423242e-02    9.762511e-02    1.972454e-03 (2.57, 1.00, 1.00)
   900    1.323213e-01    1.325305e-02    9.548110e-02    1.889845e-03 (2.64, 1.00, 1.00)
  1000    1.286843e-01    1.246722e-02    9.312932e-02    1.819323e-03 (2.71, 1.00, 1.00)
  1100    1.258183e-01    1.172683e-02    9.128571e-02    1.792948e-03 (2.79, 1.00, 1.00)
  1200    1.228358e-01    9.869399e-03    9.279660e-02    1.826763e-03 (2.86, 1.00, 1.00)
  1300    1.322383e-01    1.570886e-02    8.378982e-02    3.507263e-03 (2.86, 1.00, 1.00)
  1400    1.116096e-01    1.177674e-02    7.640538e-02    1.957508e-03 (2.67, 1.02, 1.00)
  1500    1.061798e-01    1.154641e-02    7.192594e-02    1.939336e-03 (2.67, 1.02, 1.00)
  1600    9.664172e-02    1.005997e-02    6.739147e-02    1.816555e-03 (2.60, 1.02, 1.00)
  1700    1.006242e-01    1.463045e-02    6.008060e-02    2.202398e-03 (2.55, 1.02, 1.00)
  1800    8.426884e-02    1.072837e-02    5.546063e-02    1.574390e-03 (2.46, 1.01, 1.00)
  1900    8.486450e-02    1.451511e-02    4.890532e-02    1.680591e-03 (2.32, 1.01, 1.00)
  2000    7.944520e-02    1.256458e-02    4.359865e-02    1.510832e-03 (2.18, 1.16, 1.00)
  2100    6.546304e-02    1.141066e-02    3.403314e-02    1.043900e-03 (2.07, 1.20, 1.00)
  2200    6.403553e-02    9.991136e-03    3.592048e-02    9.251285e-04 (2.07, 1.18, 1.00)
  2300    1.220020e-01    1.319102e-02    7.827992e-02    3.625983e-03 (2.08, 1.16, 1.00)
  2400    9.073002e-02    1.105243e-02    5.716043e-02    1.368007e-03 (2.16, 1.15, 1.00)
  2500    7.881299e-02    9.224009e-03    5.111596e-02    1.096547e-03 (2.16, 1.13, 1.00)
  2600    7.362577e-02    8.970133e-03    4.771837e-02    9.481753e-04 (2.15, 1.12, 1.00)
  2700    6.986184e-02    8.756784e-03    4.537605e-02    8.109863e-04 (2.15, 1.11, 1.00)
  2800    6.668378e-02    8.517645e-03    4.350598e-02    6.797121e-04 (2.15, 1.10, 1.00)
  2900    7.348588e-02    1.185706e-02    4.273559e-02    1.539699e-03 (2.15, 1.09, 1.00)
  3000    7.852620e-02    9.673800e-03    5.331989e-02    7.948723e-04 (2.10, 1.08, 1.00)
  3100    6.691279e-02    9.171935e-03    4.383809e-02    4.488171e-04 (1.99, 1.10, 1.00)
  3200    6.433652e-02    8.806974e-03    4.260804e-02    4.107961e-04 (1.98, 1.09, 1.00)
  3300    6.227910e-02    8.529244e-03    4.162787e-02    3.859364e-04 (1.98, 1.08, 1.00)
  3400    6.055792e-02    8.278490e-03    4.084165e-02    3.689853e-04 (1.98, 1.07, 1.00)
  3500    5.907165e-02    8.040568e-03    4.019718e-02    3.563852e-04 (1.97, 1.07, 1.00)
  3600    5.802783e-02    7.482752e-03    4.050715e-02    3.608721e-04 (1.97, 1.06, 1.00)
  3700    5.617006e-02    7.084351e-03    3.914008e-02    3.732659e-04 (2.06, 1.05, 1.00)
  3800    5.388526e-02    6.193423e-03    3.887653e-02    3.265604e-04 (2.07, 1.05, 1.00)
  3900    5.283105e-02    5.429714e-03    3.961572e-02    3.526791e-04 (2.05, 1.04, 1.00)
  4000    5.234883e-02    6.376965e-03    3.580457e-02    3.159725e-04 (1.95, 1.11, 1.00)
  4100    5.077069e-02    6.191440e-03    3.499743e-02    3.534263e-04 (1.95, 1.10, 1.00)
  4200    4.899106e-02    6.081802e-03    3.435316e-02    2.667932e-04 (1.88, 1.09, 1.00)
  4300    4.768166e-02    6.532192e-03    3.254081e-02    3.494949e-04 (1.79, 1.10, 1.00)
  4400    5.169871e-02    1.111902e-02    2.925815e-02    6.046354e-04 (1.74, 1.09, 1.00)
  4500    2.322893e-01    7.310326e-02    6.426691e-02    3.793570e-02 (1.66, 1.13, 1.00)
  4600    5.768381e-01    1.965790e-01    5.322204e-02    1.798771e-02 (1.60, 4.60, 1.00)
  4700    3.712323e-01    1.483109e-01    3.220381e-02    2.524292e-03 (1.54, 4.37, 1.00)
  4800    3.037157e-01    1.250405e-01    2.796318e-02    1.074794e-03 (1.48, 4.19, 1.00)
  4900    2.653754e-01    1.130871e-01    2.535954e-02    6.840365e-04 (1.44, 4.04, 1.00)
  5000    2.404246e-01    1.064658e-01    2.347278e-02    5.533356e-04 (1.39, 3.90, 1.00)

WEIGHT ADJUSTMENT HISTORY (every 100 epochs):
----------------------------------------
 Epoch         Weights (r,ic,bc)           Grad Norms (r,ic,bc)               Losses (r,ic,bc)
-------------------------------------------------------------------------------------
     0        (2.08, 1.00, 1.00) (4.35e-02, 5.11e-01, 2.05e-01) (1.14e-03, 4.83e-01, 2.44e-03)
   100        (2.17, 1.00, 1.00) (6.70e-01, 2.00e+00, 3.67e-01) (3.46e-02, 1.34e-01, 4.14e-03)
   200        (2.25, 1.00, 1.00) (6.30e-01, 1.91e+00, 5.58e-01) (2.77e-02, 1.33e-01, 5.89e-03)
   300        (2.36, 1.00, 1.00) (5.85e-01, 1.94e+00, 6.03e-01) (2.14e-02, 1.25e-01, 8.89e-03)
   400        (2.44, 1.00, 1.00) (6.42e-01, 2.03e+00, 4.50e-01) (1.97e-02, 1.18e-01, 4.86e-03)
   500        (2.55, 1.00, 1.00) (5.97e-01, 2.11e+00, 4.26e-01) (1.75e-02, 1.15e-01, 3.88e-03)
   600        (2.49, 1.00, 1.00) (1.18e+00, 2.34e+00, 8.45e-01) (1.65e-02, 1.19e-01, 4.52e-03)
   700        (2.57, 1.00, 1.00) (6.95e-01, 2.26e+00, 5.05e-01) (1.49e-02, 1.02e-01, 2.29e-03)
   800        (2.64, 1.00, 1.00) (6.98e-01, 2.26e+00, 4.97e-01) (1.42e-02, 9.77e-02, 1.94e-03)
   900        (2.71, 1.00, 1.00) (6.56e-01, 2.18e+00, 4.79e-01) (1.32e-02, 9.55e-02, 1.88e-03)
  1000        (2.79, 1.00, 1.00) (6.05e-01, 2.16e+00, 3.61e-01) (1.23e-02, 9.38e-02, 1.66e-03)
  1100        (2.86, 1.00, 1.00) (5.88e-01, 2.03e+00, 4.59e-01) (1.18e-02, 9.10e-02, 1.84e-03)
  1200        (2.86, 1.00, 1.00) (6.72e-01, 1.94e+00, 6.89e-01) (1.06e-02, 9.06e-02, 2.60e-03)
  1300        (2.67, 1.02, 1.00) (2.64e+00, 2.15e+00, 9.39e-01) (2.04e-02, 8.98e-02, 4.42e-03)
  1400        (2.67, 1.02, 1.00) (6.84e-01, 1.80e+00, 4.31e-01) (1.19e-02, 7.57e-02, 1.90e-03)
  1500        (2.60, 1.02, 1.00) (8.89e-01, 1.77e+00, 4.04e-01) (1.09e-02, 7.32e-02, 1.73e-03)
  1600        (2.55, 1.02, 1.00) (7.61e-01, 1.59e+00, 5.44e-01) (1.11e-02, 6.51e-02, 2.19e-03)
  1700        (2.46, 1.01, 1.00) (9.82e-01, 1.61e+00, 3.53e-01) (1.08e-02, 6.11e-02, 1.44e-03)
  1800        (2.32, 1.01, 1.00) (1.50e+00, 1.52e+00, 4.43e-01) (1.10e-02, 5.53e-02, 1.55e-03)
  1900        (2.18, 1.16, 1.00) (3.57e+00, 1.45e+00, 5.56e-01) (1.66e-02, 5.01e-02, 2.06e-03)
  2000        (2.07, 1.20, 1.00) (2.05e+00, 1.30e+00, 3.45e-01) (1.59e-02, 4.38e-02, 1.31e-03)
  2100        (2.07, 1.18, 1.00) (5.49e-01, 1.18e+00, 3.33e-01) (1.14e-02, 3.39e-02, 1.05e-03)
  2200        (2.08, 1.16, 1.00) (5.50e-01, 1.16e+00, 3.39e-01) (1.01e-02, 3.54e-02, 1.01e-03)
  2300        (2.16, 1.15, 1.00) (4.83e-01, 1.40e+00, 8.38e-01) (1.27e-02, 7.79e-02, 4.86e-03)
  2400        (2.16, 1.13, 1.00) (6.24e-01, 1.33e+00, 3.42e-01) (1.09e-02, 5.68e-02, 1.36e-03)
  2500        (2.15, 1.12, 1.00) (6.24e-01, 1.33e+00, 2.83e-01) (9.22e-03, 5.11e-02, 1.10e-03)
  2600        (2.15, 1.11, 1.00) (6.20e-01, 1.33e+00, 2.61e-01) (8.97e-03, 4.77e-02, 9.47e-04)
  2700        (2.15, 1.10, 1.00) (6.19e-01, 1.33e+00, 2.50e-01) (8.76e-03, 4.54e-02, 8.10e-04)
  2800        (2.15, 1.09, 1.00) (6.20e-01, 1.34e+00, 2.34e-01) (8.52e-03, 4.35e-02, 6.79e-04)
  2900        (2.10, 1.08, 1.00) (8.24e-01, 1.31e+00, 3.79e-01) (1.05e-02, 4.52e-02, 1.22e-03)
  3000        (1.99, 1.10, 1.00) (1.87e+00, 1.43e+00, 2.00e-01) (1.18e-02, 4.57e-02, 7.71e-04)
  3100        (1.98, 1.09, 1.00) (7.36e-01, 1.44e+00, 1.94e-01) (9.16e-03, 4.38e-02, 4.46e-04)
  3200        (1.98, 1.08, 1.00) (7.42e-01, 1.44e+00, 1.89e-01) (8.80e-03, 4.26e-02, 4.11e-04)
  3300        (1.98, 1.07, 1.00) (7.40e-01, 1.44e+00, 1.82e-01) (8.53e-03, 4.16e-02, 3.86e-04)
  3400        (1.97, 1.07, 1.00) (7.40e-01, 1.45e+00, 1.75e-01) (8.28e-03, 4.08e-02, 3.69e-04)
  3500        (1.97, 1.06, 1.00) (7.41e-01, 1.45e+00, 1.67e-01) (8.04e-03, 4.02e-02, 3.56e-04)
  3600        (2.06, 1.05, 1.00) (5.13e-01, 1.44e+00, 1.91e-01) (7.43e-03, 4.07e-02, 3.81e-04)
  3700        (2.07, 1.05, 1.00) (6.51e-01, 1.42e+00, 1.73e-01) (6.60e-03, 3.97e-02, 3.58e-04)
  3800        (2.05, 1.04, 1.00) (7.33e-01, 1.40e+00, 1.50e-01) (6.27e-03, 3.87e-02, 3.30e-04)
  3900        (1.95, 1.11, 1.00) (2.28e+00, 1.36e+00, 2.99e-01) (7.82e-03, 3.71e-02, 5.13e-04)
  4000        (1.95, 1.10, 1.00) (6.90e-01, 1.36e+00, 1.47e-01) (6.31e-03, 3.59e-02, 3.12e-04)
  4100        (1.88, 1.09, 1.00) (1.08e+00, 1.32e+00, 1.98e-01) (6.53e-03, 3.45e-02, 3.56e-04)
  4200        (1.79, 1.10, 1.00) (1.53e+00, 1.29e+00, 1.44e-01) (7.08e-03, 3.30e-02, 2.93e-04)
  4300        (1.74, 1.09, 1.00) (1.01e+00, 1.29e+00, 1.74e-01) (6.69e-03, 3.22e-02, 3.05e-04)
  4400        (1.66, 1.13, 1.00) (2.19e+00, 1.42e+00, 1.22e-01) (8.23e-03, 3.53e-02, 2.80e-04)
  4500        (1.60, 4.60, 1.00) (8.67e+01, 2.42e+00, 1.19e+00) (5.02e-01, 7.90e-02, 1.00e-02)
  4600        (1.54, 4.37, 1.00) (1.79e+00, 7.86e-01, 1.33e+00) (1.96e-01, 5.26e-02, 1.77e-02)
  4700        (1.48, 4.19, 1.00) (1.57e+00, 6.14e-01, 4.01e-01) (1.48e-01, 3.21e-02, 2.50e-03)
  4800        (1.44, 4.04, 1.00) (1.50e+00, 5.62e-01, 1.75e-01) (1.25e-01, 2.79e-02, 1.07e-03)
  4900        (1.39, 3.90, 1.00) (1.48e+00, 5.42e-01, 9.03e-02) (1.13e-01, 2.53e-02, 6.82e-04)

FINAL STATISTICS:
----------------------------------------
Training completed successfully
Final loss weights: {'r': np.float64(1.3921015757059065), 'bc': np.float64(1.0), 'ic': np.float64(3.904952256913536)}
Final losses - Total: 2.404246e-01, PDE: 1.064658e-01, IC: 2.347278e-02, BC: 5.533356e-04
Relative L2 Error: 1.107105e+00
