PINN Parameters:
N_f                : 4207
N_0                : 200
N_b                : 200
is_adaptive        : True
num_epochs         : 5000
adaptive_interval  : 200
adaptive_error_tol : True
error_tol          : 0.059299904853105545
add_point_p        : 0.3
remove_point_p     : 0.1
point_std          : 0.1
N_f_0              : 1000
train_time         : 279.58 seconds
l2_error           : 0.2872696816921234
