PINN Parameters:
N_f                : 1045
N_0                : 200
N_b                : 200
is_adaptive        : True
num_epochs         : 5000
adaptive_interval  : 100
adaptive_error_tol : True
error_tol          : 0.05654401332139969
add_point_p        : 0.5
remove_point_p     : 0.3
point_std          : 0.2
N_f_0              : 1000
train_time         : 198.44 seconds
l2_error           : 0.5523724555969238
