PINN Parameters:
N_f                : 62
N_0                : 200
N_b                : 200
is_adaptive        : True
num_epochs         : 30000
adaptive_interval  : 100
adaptive_error_tol : True
error_tol          : 0.0326438769698143
add_point_p        : 0.5
remove_point_p     : 0.3
point_std          : 0.2
N_f_0              : 100
train_time         : 827.95 seconds
l2_error           : 0.9532328248023987
